27
-4706767427
10072
-592212670
4
-5146242
702818
747443
87171
2881212811
5658
29
-680193
8659119167
-47628105
-44286026
-5357887
-181223
-849703
-441024
144057
132
47
840788
-4515342
618
6374209549
-9332541
43732150
23789948
85
6
5816653
3
-102648
278091
6860
4638005109
71
10774293
330622
-24954244
39
-25668
-178219695
9547275054
-50073605
6
67
587
932860661
-2032192681
-5317
902580420
951521
718899
6821231
-54797994
-2338720228
-10144771
372534073
12322
-8968543
-159
616453359
-659281273
8
4687239287
18
42835
546
65387
-97
65
-661
8
-45135
-59821554
9039
1230
-50274
71215696
-72
15855
1
94970567
97873
3
-89
929
0
61
9
4410052
-5
4556404
9384060
-5802
-63
8
9949
9
252
-100
-56279392
-3
3724
36049542
-83801517
51854168
380363
-861473335
-720
-142
829
-3915501402
761014
-46
70046
-593
-606112502
24939487
-7417903
7026054182
8828159
-7926
137507629
99628833
79996365
26277060
-87
10683
486103
7
-43
-93
1347856
56
5
1687251
47929950
540857
6
-5206
-808359
22
-30996
797000320
-45
796103
4
-366774332
-62410975
-3197502
-944
3989
2
-25
5160819
-919
56
-3
80
2433
-768136535
271668
-0
5416658
-54143
17781763
87
5534935748
477813
11
-3227186511
-1664304
-89551703
-821
239198
784
0
8034432
-5307738782
662628886
1795
4192962
909
5672113531
-88596149
-57724601
96848
853362
-5
-7102319
7012
6755004
73
-12
6046381411
-4622929451
1231
-3153
53687
990
865140
-541
67
-410395
8
125
549406
3275653603
3
-7518735
-7
-2
-303285623
623058623
3655902
-76784949
805222
718
5
-9666475381
22315
-631224
374553
-698
-6
842038321
-293284
21634672
-8953952
-2552521618
211228922
9
-4860
-5726
-409439547
-5568679
-4040191541
557
625321324
-5726591
404
-57481
-131
6563
-0
-59
70
2894124551
1
644
-2250570004
-5529007
57014
607437
60
136923
-29475716
-61
84
50906
5718
8288748274
453623
17652
-929
-9775882557
-5597331327
-176
940697011
85702
-4664961244
810111420
2
-4503
466015
20
84
-2701
-1017063
226
830
846286
-25177
-9495317993
1
59117948
45337
8583286
-6245803030
90849
72
892308978
7
4989623
-74
-8869986
-1311651144
23
337033
-9076526345
-799
292077
38
53604
-10905923
-9
-2577023
-33710
3
59
8652
52684
-8
162709682
71
79859
5
-720
60
386644853
193647
86640191
-55467
3
63792657
9340789
-6376853615
451
3103
1733
4
164
-444
1
8690211092
4
2586
-2
70784784
74
1
6481
84029346
4741
805755
-7266
68
9580273
9
260465061
8792
-237822335
708
-48985866
7414
3214010
460034608
2
2284140886
-76769418
530436
10093330
137150085
-8211079364
-59196
72523297
384501504
25
-38623
37
-530597885
664083402
4670240918
5668201820
-349173
-6
9724
314
-375291222
553
-831588763
6534540
63028
-371
22965
-9239356538
-83922318
7916709835
-672694
0
-65
7759057993
818
-7913971706
-198547
-806
90387
22107
8844447178
585022
-1894
238
-132179
9217995867
14
-9713
-839279146
-5703602658
9
714775
98
0
35346103
18852492
1746
251
-928113
-7
7235
4
404
40755486
4
7839
152521
6842
-64
17923520
381238491
-2156172
406906777
-6987578
-61292
4377214
5118225221
3
675527
-444907538
55108131875178
2523616
-2216021
4444278
155404
9375934855
141113
-50
-7
-965156
98370
5
5
-737495012
44235792
7457725
-100
5131
615
9
76
708
-71655060
-4887340677
5673766
18476919
-646039
171105
773
-6954887
78862
840734999
732
695199142
37
-9
883852472
3
30898
6549668365
-417
-261665
-54417
-97770
-5675888548
-910372547
2870430
-13552
9907
-4248
3152
-68
2823272091
7
-4237582
-43477206
-93336968
961572
